0 0.6208333333333333 0.2859074074074074 0.02690277777777778 0.061481481481481484
0 0.7118333333333333 0.21762962962962962 0.06404166666666666 0.08062962962962963
0 0.7775277777777778 0.17372222222222222 0.05909722222222222 0.05312962962962963
0 0.8368611111111111 0.21068518518518517 0.08754166666666667 0.13394444444444445
0 0.8819999999999999 0.2098888888888889 0.030888888888888886 0.028333333333333335
0 0.9379027777777778 0.2432592592592593 0.064875 0.08212962962962964
0 0.8834861111111111 0.08337037037037037 0.04054166666666667 0.05581481481481482
0 0.93175 0.01574074074074074 0.06098611111111111 0.03148148148148148
0 0.8730694444444445 0.46075925925925926 0.05855555555555555 0.08637037037037038
0 0.9478194444444443 0.45129629629629625 0.05673611111111111 0.0805
0 0.6793611111111111 0.5273518518518518 0.05777777777777778 0.092
0 0.7536111111111111 0.6512592592592593 0.057111111111111106 0.09285185185185185
0 0.8055555555555556 0.6666481481481482 0.057541666666666665 0.10283333333333333
0 0.7974861111111112 0.8390740740740741 0.05591666666666666 0.09109259259259259