0 0.4894027777777778 0.1303703703703704 0.041624999999999995 0.03877777777777778
0 0.5430555555555555 0.1510925925925926 0.03159722222222222 0.048129629629629626
0 0.6168888888888889 0.18201851851851852 0.03986111111111111 0.035777777777777776
0 0.6665277777777777 0.2106111111111111 0.022319444444444444 0.02942592592592593
0 0.40841666666666665 0.20625925925925925 0.020055555555555556 0.04881481481481481
0 0.4969305555555556 0.2737777777777778 0.03761111111111111 0.05014814814814814
0 0.5291388888888889 0.2614074074074074 0.018805555555555555 0.046796296296296294
0 0.6685416666666667 0.3152407407407407 0.03083333333333333 0.028074074074074074
0 0.6845833333333333 0.37072222222222223 0.02381944444444444 0.03475925925925926
0 0.5474444444444445 0.3481666666666666 0.026319444444444444 0.020388888888888887
0 0.4329861111111111 0.3683888888888889 0.026569444444444444 0.01872222222222222
0 0.3783333333333333 0.4260555555555555 0.01604166666666667 0.0330925925925926
0 0.392 0.505611111111111 0.021305555555555557 0.0330925925925926
0 0.47323611111111114 0.39246296296296296 0.016791666666666667 0.01938888888888889
0 0.6181527777777778 0.45998148148148144 0.036347222222222225 0.05348148148148148
0 0.5562222222222223 0.4785370370370371 0.019305555555555555 0.04312962962962963
0 0.5036944444444444 0.5051111111111111 0.029583333333333333 0.05616666666666666
0 0.4871388888888889 0.47587037037037044 0.03108333333333333 0.0330925925925926
0 0.436 0.5711296296296297 0.03961111111111111 0.06318518518518518
0 0.6523749999999999 0.5923703703703703 0.029583333333333333 0.046796296296296294
0 0.6883472222222222 0.6398333333333334 0.02783333333333333 0.05148148148148148
0 0.6171388888888889 0.6025555555555555 0.016291666666666666 0.0330925925925926
0 0.4708472222222222 0.6147592592592593 0.03661111111111111 0.03877777777777778
0 0.5876805555555555 0.3501666666666667 0.02758333333333333 0.036444444444444446
0 0.5713888888888888 0.36337037037037034 0.017555555555555557 0.02540740740740741
0 0.4995555555555556 0.37574074074074076 0.029333333333333336 0.04546296296296296
0 0.5173611111111112 0.3864444444444445 0.016791666666666667 0.02942592592592593
0 0.7108472222222222 0.5050185185185185 0.02340277777777778 0.03685185185185185
0 0.6001805555555555 0.5348518518518518 0.030458333333333334 0.016333333333333335