0 0.6489305555555556 0.15231481481481482 0.028444444444444446 0.059055555555555556
0 0.7480694444444445 0.03440740740740741 0.05308333333333333 0.05318518518518518
0 0.8234583333333333 0.04477777777777778 0.04018055555555555 0.059833333333333336
0 0.9109999999999999 0.05455555555555556 0.05748611111111111 0.0527962962962963
0 0.7866388888888889 0.19005555555555556 0.02640277777777778 0.061
0 0.7341388888888889 0.2096111111111111 0.049277777777777775 0.0657037037037037
0 0.6883888888888888 0.3416111111111111 0.03284722222222222 0.025425925925925928
0 0.62225 0.41474074074074074 0.02023611111111111 0.037925925925925925
0 0.6523055555555556 0.5068333333333334 0.028152777777777777 0.03988888888888889
0 0.6458611111111111 0.5875925925925927 0.049277777777777775 0.08094444444444444
0 0.7288611111111111 0.4992037037037037 0.04106944444444444 0.08800000000000001
0 0.7143472222222222 0.6468333333333334 0.03841666666666667 0.050055555555555555
0 0.7219722222222222 0.613 0.018472222222222223 0.016037037037037037
0 0.8211111111111111 0.6880925925925926 0.030208333333333334 0.037925925925925925
0 0.7445555555555556 0.3652592592592593 0.01965277777777778 0.025814814814814815
0 0.7865 0.34238888888888885 0.043708333333333335 0.05748148148148148
0 0.8196388888888889 0.3584259259259259 0.018472222222222223 0.037148148148148145
0 0.8486805555555554 0.29994444444444446 0.034902777777777776 0.02424074074074074
0 0.8802083333333334 0.29994444444444446 0.029916666666666664 0.047703703703703706
0 0.8708194444444445 0.32166666666666666 0.027569444444444445 0.028555555555555556
0 0.8788888888888888 0.44446296296296295 0.058958333333333335 0.07781481481481482
0 0.8444305555555556 0.4722222222222222 0.021111111111111112 0.05670370370370371
0 0.7631805555555555 0.4778888888888889 0.020527777777777777 0.03440740740740741
0 0.9870277777777777 0.6325555555555555 0.025930555555555557 0.06687037037037037
0 0.991875 0.7068703703703704 0.01625 0.07470370370370372
0 0.9404861111111111 0.6351111111111111 0.029625 0.02659259259259259
0 0.9145277777777778 0.5428148148148149 0.04751388888888889 0.03598148148148148
0 0.9485416666666667 0.28294444444444444 0.035194444444444445 0.047314814814814816
0 0.9849861111111112 0.07703703703703704 0.030041666666666664 0.041462962962962965