0 0.9893055555555554 0.3329814814814815 0.021375 0.025185185185185185
0 0.9380138888888889 0.37603703703703706 0.020305555555555556 0.015796296296296294
0 0.9718611111111112 0.3899444444444444 0.01636111111111111 0.027074074074074073
0 0.9131944444444444 0.3970925925925926 0.014097222222222223 0.015796296296296294
0 0.9580416666666666 0.42735185185185187 0.012402777777777778 0.01014814814814815
0 0.9064583333333333 0.42916666666666664 0.010625 0.018074074074074072
0 0.9322916666666666 0.40314814814814814 0.008055555555555555 0.01538888888888889
0 0.8834722222222222 0.4892592592592592 0.00825 0.019055555555555555
0 0.8962916666666667 0.5017222222222222 0.013375000000000001 0.015148148148148148
0 0.8955555555555554 0.5204074074074073 0.015944444444444445 0.019296296296296298
0 0.9012361111111111 0.546537037037037 0.011541666666666667 0.01735185185185185
0 0.9688333333333332 0.5746296296296296 0.01813888888888889 0.02272222222222222
0 0.9384305555555555 0.4771666666666667 0.009708333333333334 0.013425925925925926
0 0.9517083333333334 0.5332222222222223 0.016847222222222222 0.022462962962962966
0 0.9537222222222221 0.5057407407407408 0.010986111111111111 0.017833333333333336
0 0.9491388888888889 0.4501851851851852 0.010263888888888888 0.01562962962962963
0 0.9375138888888889 0.4454074074074074 0.010444444444444444 0.01538888888888889
0 0.9890000000000001 0.3719074074074074 0.009833333333333333 0.012925925925925928
0 0.9216944444444445 0.4195185185185185 0.006416666666666667 0.011981481481481482