0 0.3346111111111111 0.23381481481481484 0.017388888888888888 0.0442037037037037
0 0.40925000000000006 0.17075925925925925 0.03638888888888889 0.03244444444444444
0 0.4546805555555556 0.19085185185185186 0.028972222222222222 0.04172222222222222
0 0.5245694444444444 0.2242222222222222 0.03476388888888889 0.02874074074074074
0 0.5649027777777778 0.2518888888888889 0.01901388888888889 0.026574074074074073
0 0.4224583333333334 0.3005740740740741 0.03315277777777778 0.044814814814814814
0 0.449125 0.29098148148148145 0.017388888888888888 0.04172222222222222
0 0.3553611111111111 0.38077777777777777 0.025958333333333337 0.017925925925925925
0 0.3070277777777778 0.43316666666666664 0.015527777777777777 0.03183333333333334
0 0.3900138888888889 0.4027222222222222 0.015069444444444444 0.020407407407407405
0 0.4125 0.388037037037037 0.029444444444444443 0.04296296296296296
0 0.45479166666666665 0.36409259259259263 0.024569444444444446 0.019166666666666665
0 0.4778611111111111 0.379537037037037 0.016 0.02225925925925926
0 0.49536111111111114 0.3701111111111111 0.0255 0.033074074074074075
0 0.5593472222222222 0.3398148148148148 0.027819444444444445 0.023796296296296295
0 0.5712777777777778 0.3871111111111111 0.021555555555555553 0.029981481481481484
0 0.5308333333333333 0.3585185185185185 0.02363888888888889 0.019777777777777776
0 0.3142083333333333 0.5047037037037038 0.01877777777777778 0.030296296296296297
0 0.4055416666666667 0.48061111111111104 0.02526388888888889 0.029666666666666668
0 0.43138888888888893 0.5028518518518519 0.029208333333333336 0.04883333333333333
0 0.4654583333333333 0.48183333333333334 0.016694444444444442 0.03833333333333333
0 0.5315277777777777 0.4673148148148148 0.030597222222222224 0.04388888888888889
0 0.3754027777777778 0.5612777777777778 0.034541666666666665 0.049444444444444444
0 0.38225000000000003 0.5918703703703704 0.01622222222222222 0.021018518518518516
0 0.39975 0.6057777777777777 0.027125000000000003 0.035240740740740746
0 0.5474027777777778 0.5802777777777778 0.02758333333333333 0.03925925925925926
0 0.5853055555555555 0.6184444444444444 0.025958333333333337 0.04635185185185185
0 0.5943472222222222 0.5051851851851852 0.02086111111111111 0.033685185185185186
0 0.518888888888889 0.5904814814814815 0.017847222222222223 0.02937037037037037
0 0.4703333333333333 0.5098148148148148 0.014833333333333334 0.014518518518518517
0 0.5038194444444445 0.5229444444444444 0.024333333333333332 0.031518518518518515