0 0.4089583333333333 0.17070370370370372 0.03822222222222222 0.03292592592592593
0 0.4546527777777778 0.1912777777777778 0.030069444444444444 0.0422037037037037
0 0.33687500000000004 0.23401851851851851 0.022694444444444444 0.04646296296296296
0 0.4224861111111111 0.30024074074074075 0.03265277777777778 0.04618518518518519
0 0.44837499999999997 0.28988888888888886 0.014333333333333333 0.04140740740740741
0 0.5240277777777778 0.2245925925925926 0.03384722222222222 0.03133333333333334
0 0.5648472222222222 0.25272222222222224 0.01951388888888889 0.028148148148148148
0 0.5595694444444445 0.34005555555555556 0.02727777777777778 0.023370370370370368
0 0.5715138888888889 0.3869259259259259 0.02011111111111111 0.030537037037037033
0 0.45484722222222224 0.3638148148148148 0.02369444444444444 0.01990740740740741
0 0.4786388888888889 0.37935185185185183 0.015125000000000001 0.022833333333333334
0 0.3551944444444445 0.38107407407407407 0.024291666666666663 0.018314814814814815
0 0.413625 0.3882407407407408 0.03165277777777778 0.04327777777777778
0 0.3891388888888889 0.4023148148148148 0.014527777777777778 0.018314814814814815
0 0.30751388888888886 0.4328518518518519 0.015333333333333332 0.03
0 0.31348611111111113 0.504925925925926 0.019319444444444445 0.03025925925925926
0 0.3731111111111111 0.5621296296296296 0.03463888888888889 0.05388888888888889
0 0.40029166666666666 0.6043333333333333 0.02727777777777778 0.035833333333333335
0 0.40576388888888887 0.4807592592592593 0.026680555555555558 0.030796296296296294
0 0.4314444444444444 0.502 0.030666666666666665 0.04831481481481482
0 0.46579166666666666 0.48155555555555557 0.016916666666666667 0.037703703703703705
0 0.5316944444444445 0.4652222222222222 0.028874999999999998 0.04487037037037037
0 0.5480277777777778 0.5797777777777777 0.026083333333333333 0.03875925925925926
0 0.5843611111111111 0.618537037037037 0.02588888888888889 0.044592592592592586
0 0.5196527777777777 0.5889444444444444 0.015527777777777777 0.026814814814814816
0 0.5949166666666666 0.5045185185185185 0.020305555555555556 0.031055555555555555
0 0.4971527777777778 0.3693888888888889 0.027083333333333334 0.028944444444444446
0 0.5319027777777778 0.35664814814814816 0.02011111111111111 0.01566666666666667
0 0.5045138888888889 0.5281481481481481 0.023888888888888887 0.018314814814814815
0 0.4682777777777778 0.5090370370370371 0.011152777777777777 0.01512962962962963
0 0.43922222222222224 0.6360555555555556 0.011152777777777777 0.007962962962962963