0 0.9215694444444444 0.6542962962962963 0.037097222222222226 0.056351851851851854
0 0.9380138888888889 0.5068518518518518 0.02676388888888889 0.03944444444444445
0 0.8729722222222221 0.5992037037037037 0.033805555555555554 0.05009259259259259
0 0.8337638888888889 0.6126666666666666 0.021125 0.03818518518518519
0 0.6425972222222223 0.5730185185185185 0.03673611111111111 0.06037037037037037
0 0.6789722222222222 0.6242222222222222 0.03377777777777778 0.041074074074074075
0 0.5880416666666667 0.5059629629629631 0.021152777777777777 0.03314814814814815
0 0.5772777777777778 0.4253148148148148 0.015222222222222224 0.03314814814814815
0 0.7155277777777778 0.5044814814814815 0.03488888888888889 0.059870370370370365
0 0.6884305555555555 0.4777592592592593 0.0245 0.03512962962962963
0 0.7634027777777778 0.4772592592592593 0.020041666666666666 0.047
0 0.6309166666666667 0.3642037037037037 0.025972222222222223 0.018796296296296297
0 0.6728472222222222 0.3879444444444445 0.012624999999999999 0.022759259259259257
0 0.6980833333333334 0.3716111111111111 0.02745833333333333 0.0485
0 0.6084583333333333 0.19768518518518519 0.018930555555555558 0.05294444444444445
0 0.7032777777777778 0.2607777777777778 0.04008333333333333 0.05146296296296296
0 0.694375 0.11381481481481481 0.04454166666666667 0.03562962962962963
0 0.7494861111111111 0.1308888888888889 0.03302777777777778 0.04601851851851852
0 0.7394583333333333 0.24716666666666667 0.018930555555555558 0.04898148148148148
0 0.8376250000000001 0.1566111111111111 0.04676388888888889 0.040074074074074074
0 0.8925555555555555 0.18407407407407408 0.025972222222222223 0.03166666666666667
0 0.8886527777777778 0.3001111111111111 0.03748611111111111 0.02524074074074074
0 0.9036944444444444 0.3572777777777778 0.025972222222222223 0.038592592592592595
0 0.7531944444444444 0.33796296296296297 0.029319444444444443 0.02077777777777778
0 0.7789861111111112 0.35455555555555557 0.015583333333333334 0.026222222222222223
0 0.8029305555555556 0.3421851851851852 0.03897222222222222 0.03612962962962963
0 0.8450555555555557 0.4577222222222222 0.04454166666666667 0.05838888888888889
0 0.7290555555555555 0.6629444444444444 0.019791666666666666 0.015555555555555557
0 0.8120416666666667 0.5286111111111111 0.03661111111111111 0.041944444444444444
0 0.7682361111111111 0.5105185185185185 0.008194444444444445 0.013111111111111112