0 0.35120833333333334 0.3303888888888889 0.023208333333333334 0.027999999999999997
0 0.32926388888888886 0.35444444444444445 0.01659722222222222 0.02507407407407407
0 0.3944722222222222 0.36348148148148146 0.01626388888888889 0.01287037037037037
0 0.4047222222222222 0.3791851851851852 0.010333333333333333 0.013999999999999999
0 0.37795833333333334 0.3965740740740741 0.022194444444444444 0.02846296296296296
0 0.42580555555555555 0.48566666666666664 0.013555555555555555 0.02416666666666667
0 0.2994583333333333 0.44003703703703706 0.0071111111111111115 0.016944444444444446
0 0.3305416666666667 0.4245740740740741 0.014402777777777776 0.011296296296296296
0 0.35383333333333333 0.43687037037037035 0.011513888888888888 0.016037037037037037
0 0.3683888888888889 0.4187037037037037 0.013208333333333332 0.012648148148148148
0 0.3186805555555555 0.43237037037037035 0.014402777777777776 0.011962962962962963
0 0.29115277777777776 0.5032777777777777 0.009152777777777777 0.016944444444444446
0 0.42131944444444447 0.5534074074074073 0.008972222222222222 0.01874074074074074
0 0.32122222222222224 0.5728333333333333 0.010666666666666666 0.015574074074074074
0 0.36390277777777774 0.5522777777777778 0.007958333333333335 0.01738888888888889
0 0.38516666666666666 0.5312777777777777 0.018625 0.022814814814814816
0 0.39634722222222224 0.5016851851851852 0.014222222222222223 0.022351851851851852
0 0.3340138888888889 0.48916666666666664 0.012194444444444444 0.015351851851851851
0 0.351875 0.4895 0.01609722222222222 0.019648148148148147
0 0.31233333333333335 0.4622777777777778 0.012527777777777777 0.013555555555555557
0 0.37270833333333336 0.42987037037037035 0.01609722222222222 0.014685185185185185
0 0.35586111111111113 0.5118518518518518 0.016944444444444443 0.01738888888888889