0 0.9864166666666667 0.37248148148148147 0.023166666666666665 0.017185185185185185
0 0.9632499999999999 0.3946851851851852 0.015347222222222224 0.01872222222222222
0 0.9538333333333333 0.4279814814814815 0.010708333333333334 0.018925925925925926
0 0.9300694444444444 0.4892592592592592 0.009583333333333334 0.01888888888888889
0 0.943125 0.4988888888888888 0.012638888888888889 0.021111111111111112
0 0.9409722222222222 0.5219444444444444 0.015555555555555555 0.017592592592592594
0 0.9477083333333334 0.5463888888888889 0.012361111111111111 0.019444444444444445
0 0.9830555555555555 0.4009259259259259 0.0125 0.015555555555555557
0 0.9870833333333334 0.44425925925925924 0.012222222222222223 0.01740740740740741
0 0.996875 0.4513888888888889 0.00625 0.01574074074074074
0 0.9880555555555556 0.48250000000000004 0.013611111111111112 0.02203703703703704
0 0.9949305555555555 0.5331481481481481 0.010138888888888888 0.02259259259259259
0 0.9978472222222223 0.5036111111111111 0.0043055555555555555 0.021666666666666664
0 0.9682638888888888 0.41833333333333333 0.010694444444444444 0.011851851851851853