0 0.061000000000000006 0.23051851851851854 0.029916666666666664 0.029648148148148153
0 0.09497222222222222 0.2327037037037037 0.03147222222222222 0.025685185185185182
0 0.12629166666666666 0.23427777777777778 0.01926388888888889 0.030074074074074073
0 0.16794444444444445 0.2200740740740741 0.03648611111111111 0.028814814814814817
0 0.013625 0.32646296296296295 0.016916666666666667 0.02861111111111111
0 0.05629166666666667 0.3328148148148148 0.01675 0.02924074074074074
0 0.14955555555555555 0.28803703703703704 0.03601388888888889 0.02609259259259259
0 0.14454166666666665 0.3297962962962963 0.031 0.0427962962962963
0 0.01698611111111111 0.38501851851851854 0.025833333333333337 0.02548148148148148
0 0.04111111111111111 0.3865925925925926 0.015194444444444444 0.022759259259259257
0 0.008222222222222223 0.4157222222222222 0.014875000000000001 0.013777777777777778
0 0.11431944444444445 0.39525925925925925 0.024736111111111108 0.038425925925925926
0 0.07320833333333333 0.3684259259259259 0.020833333333333332 0.01566666666666667
0 0.12645833333333334 0.4168703703703704 0.015194444444444444 0.025685185185185182
0 0.051125000000000004 0.4834629629629629 0.01863888888888889 0.03237037037037037
0 0.0375 0.45788888888888885 0.013305555555555555 0.015444444444444445
0 0.059430555555555556 0.5129074074074075 0.01988888888888889 0.030277777777777782
0 0.017388888888888888 0.5304444444444444 0.026625000000000003 0.022333333333333334
0 0.006652777777777777 0.5064444444444445 0.013305555555555555 0.01690740740740741
0 0.06052777777777778 0.5631296296296295 0.021458333333333333 0.036333333333333336
0 0.10304166666666667 0.48148148148148145 0.022236111111111113 0.02338888888888889
0 0.10076388888888889 0.5090555555555555 0.030222222222222223 0.038
0 0.09818055555555555 0.6216851851851851 0.026625000000000003 0.03737037037037037
0 0.09419444444444444 0.5753333333333334 0.019569444444444445 0.019425925925925926
0 0.12473611111111112 0.5706481481481481 0.01926388888888889 0.030074074074074073
0 0.16255555555555556 0.6025925925925926 0.03476388888888889 0.04844444444444444
0 0.003833333333333333 0.5891296296296297 0.007666666666666666 0.028185185185185185
0 0.17554166666666668 0.34503703703703703 0.025055555555555553 0.0357037037037037
0 0.21226388888888892 0.3565185185185185 0.03272222222222222 0.03403703703703703
0 0.24241666666666667 0.29774074074074075 0.021611111111111112 0.03590740740740741
0 0.24241666666666667 0.36153703703703705 0.016291666666666666 0.02735185185185185
0 0.2500833333333333 0.48001851851851846 0.025374999999999998 0.04092592592592593
0 0.30716666666666664 0.478462962962963 0.02740277777777778 0.029851851851851855
0 0.28633333333333333 0.4831481481481481 0.013 0.019203703703703702
0 0.28202777777777777 0.5178148148148148 0.02411111111111111 0.037592592592592594
0 0.19480555555555554 0.6078148148148149 0.024736111111111108 0.03716666666666667
0 0.2699722222222222 0.5767037037037037 0.021291666666666667 0.045092592592592594
0 0.32681944444444444 0.5868333333333333 0.02036111111111111 0.035277777777777776
0 0.3069305555555556 0.6556296296296297 0.026 0.02838888888888889
0 0.14276388888888888 0.48442592592592587 0.02334722222222222 0.019814814814814813
0 0.25754166666666667 0.17120370370370372 0.03183333333333334 0.03548148148148148
0 0.29018055555555555 0.17707407407407408 0.034125 0.03025925925925926
0 0.3465138888888889 0.2591481481481481 0.024652777777777777 0.041574074074074076
0 0.2825972222222222 0.3365185185185185 0.021555555555555553 0.01785185185185185
0 0.33695833333333336 0.37396296296296294 0.04831944444444444 0.050499999999999996
0 0.376875 0.4390555555555556 0.016819444444444442 0.026555555555555554
0 0.4019305555555555 0.506425925925926 0.016652777777777777 0.030685185185185187
0 0.22765277777777776 0.5374444444444445 0.02073611111111111 0.027870370370370372
0 0.20945833333333333 0.5084814814814814 0.015013888888888889 0.020462962962962964
0 0.14497222222222222 0.40324074074074073 0.013055555555555556 0.013277777777777777