0 0.9285555555555555 0.1240925925925926 0.041527777777777775 0.04061111111111111
0 0.8854861111111111 0.14353703703703705 0.03973611111111111 0.05385185185185185
0 0.9147916666666667 0.16275925925925927 0.03290277777777778 0.030185185185185186
0 0.8524999999999999 0.23637037037037037 0.034694444444444444 0.04016666666666667
0 0.8620277777777777 0.2639444444444444 0.03191666666666667 0.04277777777777778
0 0.8162638888888889 0.2915185185185185 0.029319444444444443 0.04755555555555555
0 0.9384861111111111 0.3264814814814815 0.02361111111111111 0.03712962962962963
0 0.9716388888888889 0.30737037037037035 0.022805555555555558 0.03757407407407407
0 0.9606388888888888 0.33072222222222225 0.03176388888888889 0.03996296296296296
0 0.9437083333333334 0.35959259259259263 0.01775 0.013888888888888888
0 0.8942777777777777 0.3725185185185185 0.029319444444444443 0.01714814814814815
0 0.9186249999999999 0.3738148148148148 0.013194444444444444 0.01714814814814815
0 0.98075 0.3738148148148148 0.034847222222222224 0.02627777777777778
0 0.9655277777777778 0.39640740740740743 0.010583333333333333 0.012814814814814815
0 0.9607222222222223 0.42040740740740745 0.01336111111111111 0.02259259259259259
0 0.9765972222222222 0.4264814814814815 0.013194444444444444 0.016944444444444446
0 0.7799305555555555 0.33105555555555555 0.017083333333333336 0.014833333333333334
0 0.7973472222222223 0.33299999999999996 0.015152777777777777 0.019555555555555555
0 0.7676805555555556 0.3715740740740741 0.014180555555555557 0.01933333333333333
0 0.7767083333333333 0.3543703703703704 0.01934722222222222 0.016759259259259262
0 0.7666388888888889 0.39187037037037037 0.014347222222222223 0.01740740740740741
0 0.7506805555555556 0.39401851851851855 0.014666666666666668 0.016555555555555556
0 0.7435138888888889 0.41153703703703703 0.012569444444444446 0.01848148148148148
0 0.7277916666666666 0.43753703703703706 0.008222222222222223 0.01548148148148148
0 0.7397222222222223 0.42927777777777776 0.007569444444444445 0.00924074074074074
0 0.8033888888888889 0.42314814814814816 0.01563888888888889 0.02062962962962963
0 0.7917083333333333 0.44957407407407407 0.01901388888888889 0.027944444444444445
0 0.7903333333333333 0.47740740740740745 0.018208333333333333 0.02085185185185185
0 0.7823611111111111 0.496962962962963 0.015152777777777777 0.023
0 0.7182083333333333 0.4955740740740741 0.009666666666666667 0.025796296296296296
0 0.7116805555555555 0.5181296296296297 0.010472222222222223 0.015037037037037036
0 0.7262638888888888 0.5286666666666667 0.014180555555555557 0.02277777777777778
0 0.7654305555555556 0.5602592592592593 0.02901388888888889 0.04685185185185185
0 0.8400555555555556 0.6107592592592592 0.016444444444444446 0.03611111111111111
0 0.8789861111111111 0.6578148148148149 0.03690277777777778 0.055870370370370376
0 0.8285277777777778 0.5458518518518518 0.015958333333333335 0.03009259259259259
0 0.8535972222222222 0.5041666666666667 0.018694444444444444 0.019777777777777776
0 0.735375 0.4837407407407408 0.013694444444444443 0.01590740740740741
0 0.7331111111111112 0.5029814814814815 0.012736111111111111 0.017833333333333336
0 0.9249027777777777 0.4755370370370371 0.020763888888888887 0.027240740740740742
0 0.9511666666666667 0.4742037037037037 0.025083333333333332 0.037
0 0.9873333333333333 0.6258518518518518 0.025333333333333333 0.04342592592592592
0 0.9949861111111111 0.5822037037037037 0.010041666666666667 0.039870370370370375
0 0.8265416666666667 0.4370925925925926 0.015125000000000001 0.02214814814814815
0 0.6180694444444444 0.3267777777777778 0.02748611111111111 0.018962962962962963
0 0.5973194444444444 0.35238888888888886 0.019027777777777775 0.021018518518518516
0 0.5787638888888889 0.4007037037037037 0.01152777777777778 0.02537037037037037
0 0.5964444444444444 0.3849444444444445 0.01498611111111111 0.02203703703703704
0 0.6435416666666667 0.38905555555555554 0.01998611111111111 0.012814814814814815
0 0.6318194444444445 0.41044444444444445 0.014222222222222223 0.02024074074074074
0 0.6887083333333334 0.4183888888888889 0.008847222222222222 0.01562962962962963
0 0.6837083333333334 0.43427777777777776 0.008069444444444443 0.014611111111111111
0 0.6881388888888889 0.4552962962962963 0.006541666666666667 0.017685185185185186
0 0.6564166666666666 0.4326111111111111 0.013458333333333333 0.018444444444444447
0 0.6853472222222222 0.5100185185185185 0.009027777777777777 0.017944444444444443
0 0.6456527777777777 0.548462962962963 0.013069444444444444 0.021018518518518516
0 0.6595 0.5763888888888888 0.010374999999999999 0.015370370370370371
0 0.5823194444444444 0.5649814814814814 0.013652777777777778 0.019222222222222224
0 0.6619027777777777 0.5329444444444444 0.01326388888888889 0.0187037037037037
0 0.6630555555555555 0.5045000000000001 0.010569444444444446 0.01562962962962963
0 0.6110555555555556 0.48912962962962964 0.01152777777777778 0.009481481481481481
0 0.6245138888888888 0.4315925925925926 0.009222222222222222 0.017425925925925925
0 0.6609444444444444 0.39699999999999996 0.010180555555555556 0.012296296296296296
0 0.5669444444444445 0.5037407407407407 0.014416666666666668 0.016666666666666666
0 0.5622361111111112 0.5311666666666667 0.01576388888888889 0.02024074074074074
0 0.4862083333333333 0.4910555555555556 0.006347222222222223 0.015370370370370371
0 0.4945694444444444 0.5191111111111111 0.008458333333333333 0.014611111111111111
0 0.4955416666666667 0.5029629629629631 0.009222222222222222 0.011537037037037038
0 0.5029305555555555 0.541537037037037 0.009027777777777777 0.013833333333333333
0 0.5299444444444444 0.38775925925925925 0.016527777777777777 0.013333333333333334
0 0.5263888888888889 0.41159259259259257 0.010958333333333332 0.014351851851851852
0 0.511875 0.40429629629629626 0.012305555555555554 0.014092592592592592
0 0.548875 0.4335185185185185 0.010569444444444446 0.01
0 0.5044722222222222 0.43388888888888894 0.008652777777777778 0.01588888888888889
0 0.53225 0.4786111111111111 0.007694444444444445 0.008962962962962963
0 0.5332083333333334 0.4513333333333333 0.010763888888888889 0.016407407407407405
0 0.5568611111111111 0.4832777777777778 0.006833333333333334 0.013407407407407408
0 0.5500277777777778 0.49548148148148147 0.008444444444444445 0.00938888888888889
0 0.5431805555555556 0.5288518518518518 0.006027777777777778 0.0069629629629629625
0 0.5255972222222223 0.4941296296296296 0.0066388888888888895 0.00938888888888889
0 0.5573611111111111 0.5512222222222223 0.0074444444444444445 0.011518518518518518
0 0.5673055555555555 0.44896296296296295 0.006430555555555556 0.010185185185185186
0 0.8560000000000001 0.46 0.006986111111111111 0.004759259259259259
0 0.8672777777777778 0.4512222222222222 0.006819444444444445 0.008444444444444444
0 0.886361111111111 0.4761296296296297 0.008930555555555554 0.02272222222222222
0 0.9151805555555554 0.5057777777777778 0.01851388888888889 0.028351851851851854
0 0.9459444444444445 0.38855555555555554 0.01184722222222222 0.019055555555555555