0 0.917513888888889 0.05251851851851852 0.04854166666666667 0.04990740740740741
0 0.9586944444444444 0.05522222222222222 0.04604166666666666 0.04488888888888889
0 0.9787916666666667 0.26559259259259255 0.04240277777777778 0.03424074074074074
0 0.8829722222222223 0.23344444444444445 0.03398611111111111 0.052203703703703704
0 0.9121805555555556 0.3088148148148148 0.023805555555555555 0.03925925925925926
0 0.8652777777777778 0.3102777777777778 0.043375000000000004 0.035500000000000004
0 0.8739722222222223 0.28500000000000003 0.02348611111111111 0.030481481481481484
0 0.8265277777777779 0.2607962962962963 0.04572222222222223 0.05846296296296297
0 0.8096111111111111 0.21183333333333335 0.04979166666666667 0.03403703703703703
0 0.7955972222222223 0.1398888888888889 0.043069444444444445 0.038425925925925926
0 0.7479166666666667 0.16411111111111112 0.02411111111111111 0.038
0 0.7508888888888888 0.46196296296296296 0.034138888888888885 0.03903703703703704
0 0.7540972222222223 0.5100925925925925 0.044 0.054296296296296294
0 0.8190833333333334 0.6344259259259258 0.052458333333333336 0.06953703703703704
0 0.8554166666666666 0.6481111111111112 0.023333333333333334 0.04761111111111111
0 0.7135833333333333 0.6489999999999999 0.03322222222222222 0.05896296296296296
0 0.8537361111111111 0.4872592592592593 0.029180555555555557 0.018185185185185186
0 0.8734166666666667 0.5102777777777778 0.02676388888888889 0.027388888888888886
0 0.9151111111111111 0.47125925925925927 0.03936111111111111 0.05294444444444445
0 0.9526666666666667 0.47412962962962957 0.03159722222222222 0.0342962962962963
0 0.9860416666666667 0.4703333333333333 0.02791666666666667 0.04374074074074074
0 0.9916527777777778 0.5251296296296296 0.016694444444444442 0.04925925925925926
0 0.9612083333333334 0.6219259259259259 0.03176388888888889 0.03292592592592593
0 0.9616388888888889 0.5937222222222223 0.030555555555555555 0.032685185185185185
0 0.9946805555555555 0.6130740740740741 0.010638888888888889 0.017962962962962962
0 0.9950277777777777 0.6350555555555556 0.009958333333333333 0.01725925925925926
0 0.9248611111111111 0.6181296296296297 0.030222222222222223 0.024407407407407405
0 0.8983611111111112 0.5539074074074074 0.024861111111111108 0.033611111111111105