0 0.647375 0.2717407407407408 0.022458333333333337 0.03846296296296296
0 0.594625 0.20209259259259257 0.029875000000000002 0.028296296296296295
0 0.5649444444444445 0.20098148148148148 0.028236111111111108 0.034888888888888886
0 0.70075 0.5050185185185185 0.01338888888888889 0.029666666666666668
0 0.6770555555555556 0.4420925925925926 0.01627777777777778 0.025833333333333333
0 0.6222361111111111 0.3762962962962963 0.018347222222222223 0.036537037037037035
0 0.6428472222222222 0.3767037037037037 0.020402777777777777 0.033518518518518524
0 0.6334722222222222 0.40651851851851856 0.02061111111111111 0.02114814814814815
0 0.6084305555555556 0.48001851851851846 0.027819444444444445 0.028574074074074075
0 0.6267638888888889 0.5800185185185185 0.021222222222222222 0.030222222222222223
0 0.6085277777777778 0.6443148148148148 0.024722222222222222 0.029666666666666668
0 0.5851388888888889 0.5175185185185185 0.021638888888888888 0.03214814814814815
0 0.5759722222222222 0.5682037037037037 0.01813888888888889 0.03846296296296296
0 0.5891666666666666 0.5787962962962964 0.011541666666666667 0.014555555555555556
0 0.5573194444444444 0.4807037037037037 0.021222222222222222 0.03818518518518519
0 0.4836527777777778 0.5862037037037037 0.029263888888888888 0.04312962962962963
0 0.43645833333333334 0.6037962962962963 0.024319444444444446 0.04094444444444444
0 0.509 0.5948703703703704 0.018541666666666665 0.03461111111111111
0 0.43316666666666664 0.5052962962962964 0.025555555555555554 0.039574074074074074
0 0.48973611111111115 0.2531851851851852 0.029055555555555557 0.025
0 0.4550138888888889 0.2698148148148148 0.016069444444444445 0.025277777777777777
0 0.47325 0.3163888888888889 0.03111111111111111 0.021703703703703704
0 0.4669583333333333 0.35238888888888886 0.023083333333333334 0.03818518518518519
0 0.4948888888888889 0.36433333333333334 0.025347222222222222 0.031870370370370375
0 0.5251805555555555 0.3718888888888889 0.029055555555555557 0.02940740740740741
0 0.5510416666666667 0.37505555555555553 0.01359722222222222 0.023074074074074077
0 0.5520694444444445 0.31583333333333335 0.018958333333333334 0.03324074074074074
0 0.5859722222222222 0.3508703703703704 0.02369444444444444 0.019777777777777776
0 0.5335138888888888 0.5329074074074074 0.02390277777777778 0.022796296296296297
0 0.5250694444444445 0.5061111111111112 0.020194444444444442 0.018129629629629627