0 0.4177777777777778 0.17564814814814814 0.035833333333333335 0.03314814814814815
0 0.375 0.1914814814814815 0.03111111111111111 0.03925925925925926
0 0.4761805555555556 0.23166666666666666 0.028749999999999998 0.04740740740740741
0 0.37256944444444445 0.2622222222222222 0.029861111111111113 0.026296296296296293
0 0.3464583333333333 0.28851851851851856 0.019027777777777775 0.027037037037037037
0 0.26645833333333335 0.33712962962962967 0.028194444444444446 0.02203703703703704
0 0.2146527777777778 0.3763888888888889 0.019305555555555555 0.03388888888888889
0 0.3227777777777778 0.34833333333333333 0.026111111111111113 0.02148148148148148
0 0.30395833333333333 0.3712962962962963 0.02263888888888889 0.0337037037037037
0 0.3565277777777778 0.37222222222222223 0.02861111111111111 0.04814814814814815
0 0.331875 0.3750925925925926 0.01875 0.026481481481481484
0 0.24340277777777777 0.5044444444444444 0.024305555555555556 0.03333333333333333
0 0.27243055555555556 0.5160185185185184 0.021527777777777778 0.03388888888888889
0 0.28777777777777774 0.58 0.02305555555555556 0.042222222222222223
0 0.3204166666666666 0.5693518518518518 0.03166666666666667 0.04314814814814815
0 0.31743055555555555 0.5962037037037037 0.020416666666666666 0.02203703703703704
0 0.3557638888888889 0.48120370370370374 0.025694444444444443 0.03611111111111111
0 0.33694444444444444 0.6492592592592593 0.023333333333333334 0.034444444444444444
0 0.4182638888888889 0.5890740740740741 0.019027777777777775 0.03518518518518519
0 0.5080555555555556 0.5523148148148148 0.023333333333333334 0.04537037037037037
0 0.45595833333333335 0.6052962962962963 0.019180555555555555 0.01935185185185185
0 0.4690972222222222 0.503462962962963 0.012958333333333334 0.039629629629629626
0 0.44879166666666664 0.5072592592592593 0.02315277777777778 0.034333333333333334
0 0.39356944444444447 0.4793703703703704 0.020916666666666667 0.03294444444444444
0 0.4233055555555555 0.48305555555555557 0.020916666666666667 0.02327777777777778
0 0.48991666666666667 0.42833333333333334 0.016583333333333332 0.032259259259259265
0 0.4390277777777778 0.3708518518518518 0.02609722222222222 0.021425925925925928
0 0.3942638888888889 0.3957407407407407 0.021944444444444447 0.025574074074074075
0 0.4598472222222222 0.3357222222222222 0.021083333333333332 0.029037037037037035
0 0.41655555555555557 0.30598148148148147 0.022986111111111113 0.03040740740740741