0 0.4655 0.18538888888888888 0.035180555555555555 0.029314814814814814
0 0.4624861111111111 0.23107407407407407 0.029861111111111113 0.04103703703703704
0 0.45377777777777784 0.2112962962962963 0.02748611111111111 0.029314814814814814
0 0.5087361111111112 0.2702777777777778 0.028208333333333332 0.023685185185185184
0 0.5283472222222223 0.3237777777777778 0.024180555555555556 0.0442037037037037
0 0.499125 0.31277777777777777 0.024736111111111108 0.034444444444444444
0 0.5101111111111111 0.29677777777777775 0.015569444444444445 0.018555555555555554
0 0.35091666666666665 0.39375925925925925 0.012638888888888889 0.028814814814814817
0 0.4339027777777778 0.3584629629629629 0.022166666666666668 0.01735185185185185
0 0.4640416666666667 0.3828888888888889 0.02601388888888889 0.02564814814814815
0 0.36786111111111114 0.5125925925925926 0.01648611111111111 0.023685185185185184
0 0.3872777777777777 0.506962962962963 0.019055555555555555 0.032
0 0.39341666666666664 0.6317777777777778 0.02436111111111111 0.031018518518518518
0 0.5593055555555555 0.5554629629629629 0.035902777777777777 0.04837037037037037
0 0.5025972222222223 0.598925925925926 0.018875 0.03272222222222222
0 0.5358472222222223 0.5935555555555555 0.017958333333333333 0.0337037037037037
0 0.40641666666666665 0.5604629629629629 0.015944444444444445 0.03737037037037037
0 0.5538055555555556 0.5026851851851851 0.023083333333333334 0.042499999999999996
0 0.5714861111111111 0.4755740740740741 0.01813888888888889 0.04103703703703704
0 0.4700833333333333 0.48096296296296304 0.021611111111111112 0.023444444444444445
0 0.41329166666666667 0.4052407407407408 0.020888888888888887 0.023944444444444445
0 0.4001944444444444 0.3659074074074074 0.02436111111111111 0.018074074074074072
0 0.3939722222222223 0.37701851851851853 0.020694444444444446 0.020277777777777777
0 0.39140277777777777 0.39655555555555555 0.022166666666666668 0.023203703703703702
0 0.44681944444444444 0.49279629629629634 0.018319444444444444 0.01685185185185185