0 0.8596527777777778 0.2001851851851852 0.03391666666666667 0.028444444444444442
0 0.9214722222222222 0.2472962962962963 0.025722222222222223 0.043944444444444446
0 0.8160138888888888 0.22011111111111112 0.028583333333333332 0.0342962962962963
0 0.8087777777777778 0.2821111111111111 0.026666666666666665 0.022611111111111113
0 0.7822083333333334 0.3067407407407407 0.016194444444444445 0.02209259259259259
0 0.8551666666666667 0.32161111111111107 0.019625 0.028444444444444442
0 0.7140833333333333 0.3571666666666667 0.023249999999999996 0.019814814814814813
0 0.6690277777777778 0.3936296296296296 0.013902777777777778 0.027185185185185184
0 0.7705833333333334 0.36694444444444446 0.021527777777777778 0.019555555555555555
0 0.7571527777777778 0.3894259259259259 0.020958333333333332 0.026925925925925926
0 0.8023055555555555 0.38575925925925925 0.03125 0.039370370370370375
0 0.7766805555555556 0.388537037037037 0.016194444444444445 0.018537037037037036
0 0.6912222222222222 0.5029814814814815 0.019819444444444445 0.027944444444444445
0 0.7256111111111112 0.5134074074074074 0.015819444444444445 0.02540740740740741
0 0.7327638888888889 0.5691666666666667 0.017902777777777778 0.0347962962962963
0 0.7665833333333334 0.5602777777777778 0.02609722222222222 0.0347962962962963
0 0.7843888888888889 0.6305185185185186 0.023249999999999996 0.02946296296296296
0 0.7988750000000001 0.4831666666666667 0.020194444444444442 0.0315
0 0.8628888888888888 0.582 0.017527777777777778 0.034555555555555555
0 0.8956527777777777 0.5963518518518518 0.018666666666666665 0.019055555555555555
0 0.9508194444444444 0.548462962962963 0.02801388888888889 0.04318518518518519
0 0.9001388888888889 0.5046296296296297 0.030680555555555555 0.033277777777777774
0 0.8363055555555555 0.4817777777777778 0.01886111111111111 0.030740740740740742
0 0.8602222222222222 0.4756851851851852 0.030097222222222223 0.032777777777777774
0 0.9376666666666666 0.4319814814814815 0.015055555555555555 0.030740740740740742
0 0.8387916666666666 0.40429629629629626 0.01923611111111111 0.02362962962962963
0 0.8848055555555555 0.3816851851851852 0.025152777777777777 0.019555555555555555
0 0.8998472222222222 0.3447222222222222 0.021333333333333333 0.026425925925925926