0 0.8857083333333334 0.2353888888888889 0.034472222222222224 0.031166666666666662
0 0.8272638888888889 0.277537037037037 0.0325 0.033018518518518516
0 0.847875 0.3347407407407407 0.023374999999999996 0.029592592592592594
0 0.825875 0.3573148148148148 0.021402777777777778 0.029851851851851855
0 0.8897777777777778 0.30448148148148146 0.025958333333333337 0.029333333333333333
0 0.9089027777777777 0.3347407407407407 0.028527777777777777 0.024314814814814817
0 0.8704583333333333 0.3758148148148148 0.022986111111111113 0.027740740740740743
0 0.9581388888888889 0.3667037037037037 0.01961111111111111 0.031166666666666662
0 0.9531805555555555 0.3993333333333333 0.02238888888888889 0.03566666666666667
0 0.7677222222222222 0.477 0.018430555555555554 0.03883333333333333
0 0.8052638888888889 0.5018333333333334 0.026555555555555558 0.033018518518518516
0 0.8097222222222222 0.5402777777777777 0.027944444444444445 0.033296296296296296
0 0.7901111111111111 0.5978703703703704 0.020805555555555556 0.038037037037037036
0 0.9520972222222223 0.6234999999999999 0.024180555555555556 0.026944444444444444
0 0.8958194444444445 0.5802962962962963 0.026152777777777775 0.03988888888888889
0 0.937625 0.559962962962963 0.019819444444444445 0.03512962962962963
0 0.9045416666666667 0.5043518518518519 0.024180555555555556 0.033296296296296296
0 0.8770000000000001 0.4849259259259259 0.01625 0.01927777777777778
0 0.9490277777777777 0.5043518518518519 0.014069444444444445 0.024314814814814817
0 0.9848888888888889 0.5142592592592592 0.022 0.029851851851851855
0 0.906513888888889 0.38875925925925925 0.009902777777777778 0.019814814814814813