0 0.37600000000000006 0.21314814814814814 0.03188888888888889 0.030296296296296297
0 0.3629583333333333 0.23427777777777778 0.025194444444444446 0.030296296296296297
0 0.3786388888888889 0.2565925925925926 0.02765277777777778 0.04016666666666667
0 0.4112222222222222 0.28959259259259257 0.025194444444444446 0.020666666666666667
0 0.4331527777777778 0.34090740740740744 0.022902777777777775 0.039685185185185184
0 0.40690277777777784 0.3299814814814815 0.022194444444444444 0.03288888888888889
0 0.33768055555555554 0.3675740740740741 0.022194444444444444 0.01738888888888889
0 0.26608333333333334 0.39938888888888885 0.01038888888888889 0.027944444444444445
0 0.30887499999999996 0.392 0.020958333333333332 0.0465
0 0.32658333333333334 0.41137037037037033 0.017972222222222223 0.026074074074074076
0 0.34780555555555553 0.3885925925925926 0.02272222222222222 0.018555555555555554
0 0.3694722222222222 0.39305555555555555 0.02272222222222222 0.027018518518518518
0 0.2803472222222222 0.5125925925925926 0.02026388888888889 0.027944444444444445
0 0.3097638888888889 0.5045000000000001 0.02061111111111111 0.02864814814814815
0 0.31795833333333334 0.5559259259259259 0.017972222222222223 0.035222222222222224
0 0.3802222222222222 0.48207407407407404 0.02061111111111111 0.020907407407407406
0 0.3606666666666667 0.43733333333333335 0.019555555555555555 0.022555555555555554
0 0.46970833333333334 0.4778333333333333 0.016027777777777776 0.03640740740740741
0 0.4554444444444445 0.5022592592592593 0.02272222222222222 0.03922222222222222
0 0.46425 0.548537037037037 0.033638888888888885 0.04298148148148148
0 0.43552777777777774 0.5865925925925926 0.013916666666666666 0.02748148148148148
0 0.4112222222222222 0.5889259259259259 0.01638888888888889 0.030759259259259257
0 0.30777777777777776 0.6226851851851852 0.02305555555555556 0.030555555555555555