0 0.9962361111111111 0.05809259259259259 0.007541666666666666 0.0295
0 0.9030555555555556 0.15351851851851853 0.04515277777777778 0.03974074074074074
0 0.8470694444444444 0.18903703703703703 0.024388888888888887 0.03612962962962963
0 0.8430000000000001 0.24322222222222223 0.04786111111111111 0.037333333333333336
0 0.81275 0.29288888888888887 0.042444444444444444 0.057185185185185186
0 0.8956111111111111 0.3079444444444444 0.03927777777777778 0.049962962962962966
0 0.9461805555555556 0.31366666666666665 0.04651388888888889 0.04816666666666667
0 0.9854583333333333 0.3121481481481482 0.025736111111111112 0.039129629629629625
0 0.9980416666666667 0.22816666666666666 0.003930555555555556 0.026481481481481484
0 0.7800138888888889 0.5078148148148148 0.03386111111111111 0.051166666666666666
0 0.8940277777777779 0.4683888888888889 0.04063888888888889 0.04094444444444444
0 0.8254027777777777 0.6378518518518519 0.03702777777777778 0.05237037037037037
0 0.8662638888888889 0.6240185185185185 0.043791666666666666 0.06322222222222222
0 0.914125 0.6360555555555556 0.030250000000000003 0.049962962962962966
0 0.9305972222222222 0.509925925925926 0.027097222222222224 0.031314814814814816
0 0.9457222222222221 0.5496666666666666 0.04651388888888889 0.03612962962962963
0 0.990361111111111 0.4732037037037037 0.01927777777777778 0.059
0 0.9975833333333333 0.5276851851851851 0.004833333333333334 0.03551851851851852
0 0.996 0.6053518518518518 0.00798611111111111 0.04875925925925926