0 0.5107777777777778 0.2338703703703704 0.028375 0.024407407407407405
0 0.4760138888888889 0.23772222222222222 0.025930555555555557 0.028055555555555556
0 0.5664583333333334 0.29344444444444445 0.018305555555555554 0.035388888888888886
0 0.41988888888888887 0.28633333333333333 0.02715277777777778 0.021962962962962962
0 0.38663888888888887 0.3025925925925926 0.01311111111111111 0.02114814814814815
0 0.47875 0.3381851851851852 0.014944444444444444 0.028055555555555556
0 0.37488888888888894 0.3463148148148148 0.02684722222222222 0.023185185185185184
0 0.3523194444444444 0.37701851851851853 0.02013888888888889 0.03172222222222222
0 0.41058333333333336 0.38333333333333336 0.022569444444444444 0.02887037037037037
0 0.43666666666666665 0.3877962962962963 0.01983333333333333 0.02562962962962963
0 0.4545 0.38922222222222225 0.012805555555555556 0.02114814814814815
0 0.47647222222222224 0.3690925925925926 0.021958333333333333 0.01587037037037037
0 0.5170416666666666 0.39512962962962966 0.023791666666666666 0.03701851851851851
0 0.5313749999999999 0.4160740740740741 0.01647222222222222 0.02114814814814815
0 0.558375 0.4 0.01983333333333333 0.01748148148148148
0 0.5919305555555555 0.4473888888888889 0.011902777777777778 0.02277777777777778
0 0.59925 0.5035185185185185 0.011902777777777778 0.026851851851851852
0 0.5149027777777778 0.4819629629629629 0.021958333333333333 0.025222222222222222
0 0.5232916666666666 0.5350370370370371 0.021041666666666667 0.021555555555555557
0 0.5354861111111111 0.5726481481481481 0.015555555555555555 0.02603703703703704
0 0.5141388888888889 0.5765185185185185 0.018000000000000002 0.023185185185185184
0 0.46609722222222216 0.4846111111111111 0.014027777777777778 0.03212962962962963
0 0.4882083333333333 0.5006666666666667 0.01983333333333333 0.027648148148148147
0 0.4604583333333333 0.5136851851851851 0.020430555555555556 0.024407407407407405
0 0.4685416666666667 0.5598518518518518 0.018916666666666665 0.035388888888888886
0 0.4208055555555556 0.4795185185185185 0.021041666666666667 0.027648148148148147
0 0.33905555555555555 0.5041296296296297 0.021652777777777778 0.03294444444444444
0 0.49690277777777775 0.6251296296296296 0.02073611111111111 0.024407407407407405
0 0.3762638888888889 0.5877037037037037 0.021652777777777778 0.03253703703703704
0 0.39029166666666665 0.5738703703703704 0.022875 0.03822222222222222
0 0.41836111111111113 0.5797777777777777 0.016777777777777777 0.029685185185185186
0 0.4331527777777778 0.5303518518518519 0.02013888888888889 0.02114814814814815