0 0.7539305555555557 0.11520370370370371 0.03863888888888889 0.045148148148148146
0 0.8058055555555554 0.11057407407407407 0.043416666666666666 0.040518518518518516
0 0.8915555555555555 0.1919074074074074 0.029083333333333336 0.05151851851851852
0 0.6688333333333334 0.19972222222222222 0.036041666666666666 0.033574074074074076
0 0.6217222222222222 0.22662962962962963 0.019972222222222225 0.030685185185185187
0 0.6078333333333333 0.277 0.03820833333333334 0.030685185185185187
0 0.5765694444444445 0.3207037037037037 0.033 0.048629629629629634
0 0.6564583333333333 0.3325740740740741 0.02779166666666667 0.04225925925925926
0 0.7558750000000001 0.26888888888888884 0.018236111111111113 0.03994444444444444
0 0.6968333333333334 0.3366296296296296 0.03038888888888889 0.03414814814814815
0 0.7246111111111111 0.3374814814814815 0.019097222222222224 0.03242592592592593
0 0.7608750000000001 0.3042037037037037 0.035166666666666666 0.021425925925925928
0 0.8229583333333333 0.3374814814814815 0.040375 0.05788888888888889
0 0.8459722222222222 0.37366666666666665 0.023875 0.03646296296296297
0 0.8822222222222222 0.34761111111111115 0.033 0.024888888888888887
0 0.9351805555555556 0.41998148148148146 0.022583333333333337 0.03646296296296297
0 0.9555972222222222 0.5082592592592592 0.020833333333333332 0.041685185185185186
0 0.8149305555555556 0.4743888888888889 0.03473611111111111 0.03762962962962963
0 0.7400277777777778 0.47670370370370374 0.023875 0.05037037037037037
0 0.6690416666666666 0.4717962962962963 0.03386111111111111 0.039370370370370375
0 0.556375 0.5056481481481482 0.029083333333333336 0.04574074074074074
0 0.6073888888888889 0.6231666666666666 0.02779166666666667 0.04574074074074074
0 0.6286666666666666 0.6081111111111112 0.03733333333333333 0.05731481481481481
0 0.8468333333333333 0.6087037037037036 0.029083333333333336 0.04574074074074074
0 0.7923472222222222 0.6917592592592593 0.03473611111111111 0.042833333333333334
0 0.7458888888888888 0.590462962962963 0.03559722222222222 0.05325925925925926
0 0.6714305555555555 0.6142037037037037 0.026486111111111113 0.039370370370370375
0 0.8071111111111111 0.6092777777777778 0.03126388888888889 0.03531481481481481
0 0.8173055555555556 0.551962962962963 0.035166666666666666 0.03646296296296297
0 0.7359027777777778 0.5230185185185185 0.032125 0.03877777777777778
0 0.691625 0.5427037037037037 0.03386111111111111 0.028370370370370372
0 0.6818472222222223 0.5094259259259258 0.02475 0.028944444444444446
0 0.7673888888888889 0.5030555555555555 0.027347222222222224 0.045148148148148146