0 0.6934583333333334 0.11164814814814815 0.043416666666666666 0.03949999999999999
0 0.7509583333333334 0.13166666666666665 0.034152777777777775 0.04827777777777778
0 0.6084861111111112 0.19792592592592592 0.018305555555555554 0.04855555555555555
0 0.740361111111111 0.24990740740740738 0.018305555555555554 0.047185185185185184
0 0.7068333333333333 0.2614259259259259 0.043416666666666666 0.05266666666666667
0 0.6322500000000001 0.3636111111111111 0.02838888888888889 0.021666666666666664
0 0.5772083333333333 0.42424074074074075 0.017486111111111112 0.03374074074074074
0 0.6741111111111111 0.3874814814814815 0.01625 0.023314814814814816
0 0.7007638888888889 0.3706111111111111 0.032916666666666664 0.05101851851851852
0 0.7522916666666666 0.3393333333333334 0.031069444444444445 0.0225
0 0.7798611111111111 0.3562037037037037 0.01995833333333333 0.027703703703703706
0 0.8029166666666667 0.34112962962962967 0.03765277777777778 0.035388888888888886
0 0.8887083333333333 0.29942592592592593 0.036833333333333336 0.02935185185185185
0 0.9047499999999999 0.3593703703703704 0.028597222222222222 0.037314814814814815
0 0.8460138888888888 0.3249444444444444 0.027986111111111107 0.020574074074074074
0 0.9385 0.5057222222222222 0.026541666666666665 0.03922222222222222
0 0.8447777777777777 0.4575740740740741 0.04484722222222222 0.0587037037037037
0 0.7634027777777778 0.478425925925926 0.019541666666666666 0.044981481481481476
0 0.8713194444444444 0.5996666666666667 0.035805555555555556 0.05048148148148148
0 0.921 0.6532962962962963 0.036000000000000004 0.055685185185185185
0 0.8334583333333334 0.6135185185185186 0.017694444444444443 0.03648148148148148
0 0.6899583333333333 0.4751296296296296 0.03147222222222222 0.030722222222222224
0 0.7163888888888889 0.5029629629629631 0.03744444444444445 0.05677777777777778
0 0.5883194444444444 0.5057222222222222 0.022833333333333334 0.0342962962962963
0 0.64325 0.5730555555555555 0.04094444444444444 0.06090740740740741
0 0.6628055555555556 0.5984444444444444 0.020375 0.03648148148148148
0 0.6820416666666667 0.6224444444444445 0.029625 0.04114814814814815
0 0.8375694444444444 0.15662962962962962 0.044236111111111115 0.03924074074074074
0 0.8930833333333333 0.18461111111111111 0.0265 0.03188888888888889
0 0.8124444444444445 0.5274629629629629 0.033555555555555554 0.03877777777777778