0 0.9308055555555554 0.06864814814814815 0.05268055555555556 0.04072222222222222
0 0.9492777777777778 0.10814814814814815 0.043527777777777776 0.052425925925925924
0 0.8774861111111111 0.13814814814814813 0.04298611111111111 0.061703703703703705
0 0.9905555555555556 0.22887037037037036 0.018902777777777775 0.04853703703703704
0 0.888638888888889 0.32837037037037037 0.029444444444444443 0.025111111111111112
0 0.9819583333333333 0.3389814814814815 0.03609722222222222 0.038537037037037036
0 0.9481805555555556 0.35885185185185187 0.031097222222222224 0.04707407407407408
0 0.8559027777777778 0.34544444444444444 0.034569444444444444 0.03146296296296296
0 0.8172222222222222 0.3719074074074074 0.01573611111111111 0.035611111111111114
0 0.85425 0.37605555555555553 0.03931944444444444 0.033166666666666664
0 0.8308472222222223 0.4067777777777778 0.028722222222222222 0.04048148148148148
0 0.8943055555555556 0.47555555555555556 0.03201388888888889 0.038037037037037036
0 0.9399444444444445 0.47579629629629633 0.04645833333333334 0.04388888888888889
0 0.9532083333333332 0.5257962962962963 0.04809722222222223 0.04925925925925926
0 0.8673333333333334 0.5161481481481482 0.026333333333333334 0.030481481481481484
0 0.7812777777777777 0.5065185185185185 0.0225 0.04048148148148148
0 0.8665138888888889 0.6665000000000001 0.03163888888888889 0.03755555555555556
0 0.9753333333333334 0.6389444444444444 0.035666666666666666 0.04925925925925926
0 0.8820555555555556 0.6285740740740741 0.02834722222222222 0.016333333333333335
0 0.8737361111111112 0.5949259259259259 0.015000000000000001 0.013407407407407408
0 0.9956944444444444 0.5042592592592593 0.008611111111111111 0.027777777777777776