0 0.2571527777777778 0.17248148148148149 0.03194444444444444 0.03718518518518518
0 0.29131944444444446 0.1769074074074074 0.033791666666666664 0.03274074074074074
0 0.34625 0.25866666666666666 0.02475 0.04111111111111111
0 0.2420138888888889 0.2981851851851852 0.023083333333333334 0.037925925925925925
0 0.2823611111111111 0.3368333333333333 0.030291666666666665 0.022166666666666668
0 0.33647222222222223 0.37142592592592594 0.049861111111111106 0.05294444444444445
0 0.212375 0.35887037037037034 0.03434722222222222 0.0362037037037037
0 0.24247222222222223 0.36035185185185187 0.01513888888888889 0.027333333333333334
0 0.14893055555555557 0.288462962962963 0.03897222222222222 0.02537037037037037
0 0.14477777777777778 0.32933333333333337 0.035083333333333334 0.04357407407407408
0 0.1766388888888889 0.3453333333333333 0.025305555555555553 0.03422222222222222
0 0.16851388888888888 0.22049999999999997 0.03675 0.029296296296296296
0 0.06094444444444445 0.2305925925925926 0.028805555555555553 0.028814814814814817
0 0.09519444444444446 0.23255555555555554 0.030097222222222223 0.02537037037037037
0 0.12604166666666666 0.23453703703703704 0.020125 0.029796296296296296
0 0.05669444444444444 0.33325925925925926 0.018097222222222223 0.029796296296296296
0 0.041180555555555554 0.3871851851851852 0.01513888888888889 0.02388888888888889
0 0.018000000000000002 0.3835 0.028986111111111112 0.029796296296296296
0 0.01338888888888889 0.3271111111111111 0.018277777777777778 0.027814814814814813
0 0.007763888888888889 0.4156296296296296 0.01513888888888889 0.013796296296296296
0 0.114125 0.3945740740740741 0.027333333333333334 0.03668518518518518
0 0.12640277777777778 0.4177222222222222 0.016069444444444445 0.021907407407407407
0 0.03693055555555556 0.4581111111111111 0.011444444444444445 0.013055555555555555
0 0.05309722222222222 0.4824814814814815 0.022347222222222223 0.03127777777777778
0 0.059652777777777784 0.5149814814814815 0.019208333333333334 0.027333333333333334
0 0.007666666666666666 0.5072222222222221 0.009055555555555555 0.014277777777777778
0 0.018833333333333334 0.5295185185185185 0.027694444444444445 0.02487037037037037
0 0.10073611111111111 0.4843333333333334 0.027513888888888886 0.028555555555555556
0 0.09926388888888889 0.5092037037037037 0.034527777777777775 0.03496296296296296
0 0.06029166666666666 0.5618888888888889 0.021972222222222223 0.03398148148148149
0 0.12659722222222222 0.5713703703703704 0.017541666666666667 0.029796296296296296
0 0.097875 0.6202407407407408 0.02511111111111111 0.044314814814814814
0 0.0035138888888888884 0.5904444444444444 0.007013888888888889 0.028555555555555556
0 0.09225 0.5750555555555555 0.013486111111111112 0.014037037037037037
0 0.16205555555555556 0.6011666666666666 0.034902777777777776 0.0485
0 0.19630555555555557 0.6084259259259259 0.022527777777777775 0.03546296296296296
0 0.14422222222222222 0.4824814814814815 0.029541666666666667 0.021425925925925928
0 0.24968055555555557 0.4782962962962962 0.025847222222222223 0.03964814814814815
0 0.2095972222222222 0.5068518518518518 0.014402777777777776 0.022407407407407407
0 0.22308333333333333 0.5364074074074074 0.02622222222222222 0.026833333333333334
0 0.27016666666666667 0.575925925925926 0.021055555555555557 0.045314814814814815
0 0.2810694444444444 0.5174444444444445 0.024013888888888887 0.03766666666666667
0 0.30184722222222227 0.47681481481481486 0.03822222222222222 0.03374074074074074
0 0.3060972222222222 0.6548333333333334 0.025666666666666667 0.030277777777777782
0 0.3260416666666667 0.5861481481481481 0.022708333333333334 0.03520370370370371
0 0.37620833333333337 0.4391111111111111 0.018819444444444444 0.026907407407407408
0 0.40084722222222224 0.5067777777777778 0.017277777777777777 0.03183333333333334
0 0.19041666666666665 0.500462962962963 0.009166666666666667 0.01611111111111111