0 0.7557083333333333 0.08414814814814814 0.049055555555555554 0.04325925925925926
0 0.71125 0.12005555555555555 0.03754166666666667 0.04937037037037037
0 0.8077361111111112 0.13427777777777777 0.04413888888888889 0.06605555555555556
0 0.7410972222222223 0.20912962962962964 0.035347222222222224 0.029981481481481484
0 0.7215694444444444 0.24724074074074073 0.021305555555555557 0.028185185185185185
0 0.7754305555555555 0.2510740740740741 0.03195833333333334 0.03359259259259259
0 0.8287916666666667 0.27214814814814814 0.034833333333333334 0.05951851851851852
0 0.752013888888889 0.3317777777777778 0.036194444444444446 0.02638888888888889
0 0.8083194444444445 0.4016851851851852 0.030444444444444448 0.045314814814814815
0 0.5641388888888889 0.3675185185185185 0.01927777777777778 0.03607407407407408
0 0.5905138888888889 0.35253703703703704 0.024694444444444446 0.039907407407407405
0 0.6157916666666666 0.31972222222222224 0.022152777777777778 0.02390740740740741
0 0.6360833333333333 0.3202777777777778 0.022833333333333334 0.029092592592592594
0 0.6598472222222221 0.3300925925925926 0.0345 0.031111111111111114
0 0.6519027777777778 0.35929629629629634 0.03247222222222222 0.0317962962962963
0 0.7011944444444445 0.341037037037037 0.024861111111111108 0.02187037037037037
0 0.6818333333333334 0.3501666666666667 0.01623611111111111 0.021203703703703704
0 0.6982361111111112 0.3697777777777778 0.025708333333333337 0.03381481481481482
0 0.5796388888888888 0.5168518518518519 0.019194444444444445 0.039129629629629625
0 0.6032361111111111 0.5046481481481482 0.022125 0.03461111111111111
0 0.6898194444444444 0.4766481481481481 0.02551388888888889 0.04485185185185185
0 0.7108055555555555 0.4742407407407407 0.03183333333333334 0.035222222222222224
0 0.7306805555555556 0.506462962962963 0.031375 0.04485185185185185
0 0.8205277777777777 0.4704814814814815 0.028666666666666667 0.04696296296296296
0 0.8511249999999999 0.5023888888888889 0.028444444444444446 0.05959259259259259
0 0.6399166666666667 0.5853148148148148 0.03318055555555555 0.05809259259259259
0 0.667625 0.6029259259259259 0.020972222222222222 0.037425925925925925
0 0.6437777777777778 0.6767592592592593 0.029430555555555557 0.042611111111111113
0 0.8978472222222222 0.5718148148148148 0.043597222222222225 0.06318518518518518
0 0.8086527777777778 0.6272962962962964 0.02488888888888889 0.04407407407407408
0 0.7343055555555557 0.5995370370370371 0.01611111111111111 0.015
0 0.7359027777777778 0.6278703703703704 0.028749999999999998 0.020925925925925928
0 0.6548611111111111 0.5402777777777777 0.0225 0.02462962962962963