0 0.34581944444444446 0.24587037037037038 0.03280555555555556 0.03088888888888889
0 0.25881944444444444 0.2855555555555555 0.013694444444444443 0.02187037037037037
0 0.2788611111111111 0.27496296296296296 0.03077777777777778 0.02051851851851852
0 0.3655277777777778 0.31137037037037035 0.023500000000000004 0.032462962962962964
0 0.33111111111111113 0.3397962962962963 0.02266666666666667 0.023
0 0.309125 0.3366296296296296 0.01961111111111111 0.02390740740740741
0 0.36273611111111115 0.3751851851851852 0.01995833333333333 0.03381481481481482
0 0.3864861111111111 0.3789074074074074 0.022486111111111113 0.020962962962962964
0 0.29373611111111114 0.3572592592592592 0.011833333333333333 0.03133333333333334
0 0.3066666666666667 0.3786851851851852 0.018430555555555554 0.02638888888888889
0 0.32180555555555557 0.3895 0.014541666666666668 0.02727777777777778
0 0.4328194444444444 0.4054074074074074 0.010986111111111111 0.0275
0 0.3983333333333334 0.3960370370370371 0.01640277777777778 0.02277777777777778
0 0.4023888888888889 0.41103703703703703 0.015722222222222224 0.023444444444444445
0 0.2767361111111111 0.5021296296296296 0.022152777777777778 0.034722222222222224
0 0.3141111111111111 0.5040555555555556 0.02113888888888889 0.030444444444444448
0 0.3698333333333333 0.48329629629629633 0.016569444444444446 0.023666666666666666
0 0.34573611111111113 0.4791296296296297 0.020805555555555556 0.018944444444444444
0 0.41473611111111114 0.509462962962963 0.01911111111111111 0.034499999999999996
0 0.3754166666666667 0.5592962962962963 0.018944444444444444 0.034499999999999996
0 0.3253611111111111 0.5776666666666667 0.025027777777777777 0.03787037037037037
0 0.39705555555555555 0.6163333333333333 0.016916666666666667 0.02501851851851852
0 0.2315 0.5996481481481482 0.017930555555555557 0.0417037037037037
0 0.2840138888888889 0.5357222222222222 0.012347222222222223 0.017592592592592594
0 0.22777777777777777 0.4764814814814815 0.021111111111111112 0.0337037037037037