49.89999026436854 8.899918805121855
49.89999005217119 8.899790759442864
49.89998970694599 8.899640541514012
49.89997143633639 8.899632998267533
49.899970760930884 8.89977183494753
49.899969788929766 8.899926717091043
49.89995436137006 8.899906554720564
49.89995399862843 8.899789219249223
49.899953531810084 8.899643228998643
49.899937333611724 8.899628309634442
49.899939181192146 8.899773932519413
49.89994081170869 8.899935427773492
49.8999224933582 8.899947995994838
49.89992225816264 8.899789701666773
49.8999233854095 8.899626414944601
49.89990844061038 8.899628204528515
49.89990622469833 8.899774064519665
49.899906145742484 8.89993733250077
49.899889808375484 8.899919440678437
49.899888534354716 8.899792275991036
49.89989041221112 8.899625947563043
49.89987222195068 8.89962245773858
49.89987279268515 8.89977437582262
49.8998763221731 8.899932036661424
49.899858259056174 8.89993690875162
49.89985695282936 8.899793830003047
49.89985608912717 8.899623292675033
49.89983940670221 8.89961950926148
49.899839177777615 8.899773302842547
49.899839973069206 8.899935061197263
